
kdkjshdkjdj400040
400038
400035
400034
400044
400033
400045
421602
409396
400037
409361
400036
409392
400042
400032
421606
400043
409395
400676
409393
421603
421604
409394
409397
421601
421605
421688
422130
421687
436451
436457
436450
436453
436458
436459
428376
436455
436452
436311
436456
436454
436460
436461
455454
459153
459151
459152
459150
464559
463786
484748
464982
484747
484749
484750
484752
484751
511878
520043
520038
520041
520044
520039
520042
520040
528095
535930
543765
606989
607045
606990
607094
607032
607074
606986
607014
607072
606988
606991
606987
607005
510372
511878
517574
519253
519255
519254
519256
519455
519462
519619
519620
519607
519913
521109
521111
521107
521108
521110
521113
521115
521114
521106
521112
521782
522669
523116
523672
524272
528095
531091
534131
534334
534332
534340
534330
534327
534337
535930
538426
542225
543252
543606
544405
544574
544575
544585
544670
544751
544921
545332
545354
549172
555923
555925
557372
557353
557371
557582
557586
557629
557631
557677
557632
559605
559601
559603
559606
559602
559604]
